

LB1_1CH
2020-11-29 10:16:29.363578
nodes
5,10,25,50,100,250,500,1000,1400
sent,nrCollisions,nrLost,nrProcessed,nrReceived
15.0,0.0,0.0,15.0,15.0
30.0,4.0,0.0,30.0,28.0
66.0,37.0,0.0,66.0,64.0
103.0,151.0,0.0,103.0,82.0
121.0,393.0,0.0,121.0,101.0
19.0,1231.0,0.0,19.0,19.0
0.0,2502.0,0.0,0.0,0.0
0.0,5002.0,0.0,0.0,0.0
0.0,7001.0,0.0,0.0,0.0


LB1_3CH
2020-11-29 10:34:06.375312
nodes
5,10,25,50,100,250,500,1000,1400
sent,nrCollisions,nrLost,nrProcessed,nrReceived
15.0,0.0,0.0,15.0,15.0
30.0,2.0,0.0,30.0,30.0
75.0,10.0,0.0,75.0,75.0
149.0,37.0,0.0,149.0,143.0
282.0,148.0,0.0,282.0,251.0
365.0,923.0,0.0,365.0,304.0
194.0,2334.0,0.0,186.0,159.0
9.0,4996.0,0.0,4.0,4.0
0.0,7003.0,0.0,0.0,0.0
