

LB2_1CH
2020-11-29 10:42:28.043891
nodes
5,10,25,50,100,250,500,1000,1400
sent,nrCollisions,nrLost,nrProcessed,nrReceived
15.0,0.0,0.0,15.0,15.0
30.0,6.0,0.0,30.0,24.0
75.0,30.0,0.0,75.0,45.0
150.0,109.0,0.0,150.0,41.0
300.0,271.0,0.0,300.0,29.0
750.0,747.0,0.0,750.0,3.0
1500.0,1500.0,0.0,1401.0,0.0
3000.0,3000.0,0.0,1968.0,0.0
4200.0,4200.0,0.0,2095.0,0.0

LB2_3CH
2020-11-29 10:43:47.842747
nodes
5,10,25,50,100,250,500,1000,1400
sent,nrCollisions,nrLost,nrProcessed,nrReceived
15.0,0.0,0.0,15.0,15.0
30.0,2.0,0.0,30.0,28.0
75.0,14.0,0.0,75.0,61.0
150.0,41.0,0.0,150.0,109.0
300.0,165.0,0.0,300.0,135.0
750.0,639.0,0.0,747.0,111.0
1500.0,1474.0,0.0,1398.0,26.0
3000.0,3000.0,0.0,1958.0,0.0
4200.0,4200.0,0.0,2098.0,0.0