

LR_1CH
2020-11-29 10:45:35.014105
nodes
5,10,25,50,100,250,500,1000,1400
sent,nrCollisions,nrLost,nrProcessed,nrReceived
11.0,0.0,0.0,11.0,11.0
23.0,0.0,1.0,22.0,22.0
62.0,2.0,5.0,57.0,55.0
130.0,14.0,7.0,123.0,109.0
246.0,32.0,20.0,226.0,194.0
595.0,156.0,45.0,550.0,394.0
1230.0,544.0,87.0,1143.0,599.0
2480.0,1442.0,217.0,2254.0,819.0
3523.0,2348.0,266.0,3129.0,886.0

LR_3CH
2020-11-29 10:46:21.599066
nodes
5,10,25,50,100,250,500,1000,1400
sent,nrCollisions,nrLost,nrProcessed,nrReceived
11.0,0.0,0.0,11.0,11.0
27.0,0.0,2.0,25.0,25.0
64.0,2.0,3.0,61.0,59.0
125.0,4.0,12.0,113.0,109.0
234.0,10.0,21.0,213.0,203.0
585.0,69.0,58.0,527.0,458.0
1223.0,266.0,96.0,1127.0,861.0
2450.0,831.0,186.0,2245.0,1423.0
3482.0,1388.0,290.0,3096.0,1771.0