

LT_1CH
2020-11-29 10:50:12.210235
nodes
5,10,25,50,100,250,500,1000,1400
sent,nrCollisions,nrLost,nrProcessed,nrReceived
15.0,0.0,0.0,15.0,15.0
30.0,4.0,0.0,30.0,26.0
75.0,18.0,0.0,75.0,57.0
150.0,71.0,0.0,150.0,79.0
300.0,199.0,0.0,300.0,101.0
750.0,687.0,0.0,750.0,63.0
1500.0,1472.0,0.0,1401.0,27.0
3000.0,2987.0,0.0,1968.0,10.0
4200.0,4185.0,0.0,2095.0,7.0

LT_3CH
2020-11-29 10:51:16.276258
nodes
5,10,25,50,100,250,500,1000,1400
sent,nrCollisions,nrLost,nrProcessed,nrReceived
15.0,0.0,0.0,15.0,15.0
30.0,0.0,0.0,30.0,30.0
75.0,6.0,0.0,75.0,69.0
150.0,28.0,0.0,150.0,122.0
300.0,93.0,0.0,300.0,207.0
750.0,431.0,0.0,747.0,319.0
1500.0,1255.0,0.0,1398.0,232.0
3000.0,2848.0,0.0,1958.0,116.0
4200.0,4071.0,0.0,2098.0,62.0