

ET_1CH
2020-12-02 09:00:56.990006
nodes
1400,2000,2500,3000,3500,4000,4500,5000,6000
sent,nrCollFullPacket,None,None,nrReceived
4200.0,312.0,nan,nan,3781.0
6000.0,1113.0,nan,nan,4467.0
7500.0,2447.0,nan,nan,4299.0
9000.0,4223.0,nan,nan,3770.0
10500.0,6131.0,nan,nan,3134.0
12000.0,8260.0,nan,nan,2400.0
13500.0,10384.0,nan,nan,1797.0
15000.0,12364.0,nan,nan,1351.0
18000.0,16385.0,nan,nan,640.0

ET_3CH
2020-12-02 09:05:02.306037
nodes
1400,2000,2500,3000,3500,4000,4500,5000,6000
sent,nrCollFullPacket,None,None,nrReceived
4200.0,19.0,nan,nan,4177.0
6000.0,86.0,nan,nan,5884.0
7500.0,166.0,nan,nan,7275.0
9000.0,314.0,nan,nan,8605.0
10500.0,517.0,nan,nan,9835.0
12000.0,792.0,nan,nan,10906.0
13500.0,1221.0,nan,nan,11831.0
15000.0,1699.0,nan,nan,12641.0
18000.0,3378.0,nan,nan,13345.0